**Project ID:** [plumID:22.005]({{ '/' | absolute_url }}eggs/22/005/)  
**Source:** hairpin/ptmtd1/dir-16/plumed.dat  
**Originally used with PLUMED version:** 2.8  
**Stable:** [zipped raw stdout](plumed.dat.plumed.stdout.txt.zip) - [zipped raw stderr](plumed.dat.plumed.stderr.txt.zip) - [stderr](plumed.dat.plumed.stderr)  
**Master:** [zipped raw stdout](plumed.dat.plumed_master.stdout.txt.zip) - [zipped raw stderr](plumed.dat.plumed_master.stderr.txt.zip) - [stderr](plumed.dat.plumed_master.stderr)  

{% raw %}
<div style="width: 100%; float:left">
<div style="width: 90%; float:left" id="value_details_data/hairpin/ptmtd1/dir-16/plumed.dat"> Click on the labels of the actions for more information on what each action computes </div>
<div style="width: 10%; float:left"><table><tr><td style="padding:1px"><a href="plumed.dat.plumed.stderr"><img src="https://img.shields.io/badge/v2.10-passing-green.svg" alt="tested onv2.10" /></a></td></tr><tr><td style="padding:1px"><a href="plumed.dat.plumed_master.stderr"><img src="https://img.shields.io/badge/master-passing-green.svg" alt="tested onmaster" /></a></td></tr><tr><td style="padding:1px"><img src="https://img.shields.io/badge/with-LOAD-yellow.svg" alt="tested on master" /></td></tr>
</table></div></div>
<pre style="width=97%;">
<span class="plumedtooltip" style="color:green">LOAD<span class="right">Loads a library, possibly defining new actions. <a href="https://www.plumed.org/doc-master/user-doc/html/_l_o_a_d.html" style="color:green">More details</a><i></i></span></span> <span class="plumedtooltip">FILE<span class="right">file to be loaded<i></i></span></span>=../../../AFDistProb.cpp
<span style="color:blue" class="comment">#RESTART</span>
<span style="display:none;" id="data/hairpin/ptmtd1/dir-16/plumed.dat">The LOAD action with label <b></b> calculates something</span><span class="plumedtooltip" style="color:green">WHOLEMOLECULES<span class="right">This action is used to rebuild molecules that can become split by the periodic boundary conditions. <a href="https://www.plumed.org/doc-master/user-doc/html/_w_h_o_l_e_m_o_l_e_c_u_l_e_s.html" style="color:green">More details</a><i></i></span></span> <span class="plumedtooltip">ENTITY0<span class="right">the atoms that make up a molecule that you wish to align<i></i></span></span>=1-247
<span class="plumedtooltip" style="color:green">AF_DISTPROB<span class="right">This action is not part of PLUMED and was included by using a LOAD command <a href="https://www.plumed.org/doc-master/user-doc/html/_l_o_a_d.html" style="color:green">More details</a><i></i></span></span> ...
LABEL=<b name="data/hairpin/ptmtd1/dir-16/plumed.datafscore" onclick='showPath("data/hairpin/ptmtd1/dir-16/plumed.dat","data/hairpin/ptmtd1/dir-16/plumed.datafscore","data/hairpin/ptmtd1/dir-16/plumed.datafscore","black")'>afscore</b><span style="display:none;" id="data/hairpin/ptmtd1/dir-16/plumed.datafscore">The AF_DISTPROB action with label <b>afscore</b> calculates the following quantities:<table  align="center" frame="void" width="95%" cellpadding="5%"><tr><td width="5%"><b> Quantity </b>  </td><td width="5%"><b> Type </b>  </td><td><b> Description </b> </td></tr><tr><td width="5%">afscore</td><td width="5%"><font color="black">scalar</font></td><td>the value calculated by this action</td></tr></table></span>
ATOMS=5,12,27,51,65,86,98,110,120,134,156,170,190,204,220,234
LAMBDA=1000
DISTANCES=0.23125,0.2625,0.29375,0.325,0.35625,0.3875,0.41875,0.45,0.48125,0.5125,0.54375,0.575,0.60625,0.6375,0.66875,0.6999999523162842,0.73125,0.7625,0.79375,0.825,0.85625,0.8875,0.91875,0.95,0.9812499046325683,1.0124999046325684,1.04375,1.075,1.10625,1.1375,1.1687499046325684,1.2,1.23125,1.2625,1.29375,1.325,1.35625,1.3874999046325684,1.4187500953674317,1.4499999046325684,1.4812499046325684,1.5124999046325684,1.5437499046325684,1.575,1.60625,1.6375,1.6687501907348632,1.6999998092651367,1.7312498092651367,1.7624998092651367,1.7937498092651367,1.825,1.85625,1.8875,1.91875,1.95,1.98125,2.0125,2.0437498092651367,2.075,2.1062498092651367,2.1374998092651367,2.16875,2.200000190734863
PROB_MATRIX0=0.038086575,0.024358021,0.015175659,0.0034115396,3.7908936e-05,9.996809e-06,7.692661e-06,1.679526e-05,1.1718306e-05,1.0037334e-05,9.120612e-06,2.7614713e-05,0.00010405069,0.0025670307,0.0027711128,0.008263827,0.024358021,0.03719123,0.024071671,0.007662214,0.00022122632,1.42975105e-05,6.125827e-06,5.7123602e-06,1.6588124e-06,3.8732173e-06,1.6203932e-05,2.7031427e-05,0.00017976193,0.0011228705,0.0034851178,0.0024084074,0.015175659,0.024071671,0.033344068,0.022816533,0.0048254314,4.836075e-05,3.0146633e-05,1.6810394e-05,5.99601e-06,2.1324058e-05,2.6272097e-05,0.0003363537,0.0009647348,0.0008703431,0.00024966942,0.0002579135,0.0034115396,0.007662214,0.022816533,0.04119898,0.0217925,0.003908355,0.00010786199,3.306143e-05,4.9747883e-05,0.00016312604,0.00013794558,0.0003312331,0.0021178334,9.866111e-05,0.00012692592,0.00021807101,3.7908936e-05,0.00022122632,0.0048254314,0.0217925,0.03186528,0.021744696,0.01611597,0.0050457935,0.0010574833,0.0045245043,0.00064972683,0.0005887541,0.000104667706,0.00033369055,3.383112e-05,8.300995e-05,9.996809e-06,1.42975105e-05,4.836075e-05,0.003908355,0.021744696,0.03275111,0.022701096,0.01568018,0.001491546,0.0051564025,0.0012071074,0.000113983966,2.6981057e-05,8.320186e-06,2.9813561e-06,1.3385034e-05,7.692661e-06,6.125827e-06,3.0146633e-05,0.00010786199,0.01611597,0.022701096,0.032137398,0.022981204,0.017422998,0.010871588,8.42436e-05,5.329269e-05,1.8221881e-05,1.5838345e-05,5.4122356e-06,3.8462735e-05,1.679526e-05,5.7123602e-06,1.6810394e-05,3.306143e-05,0.0050457935,0.01568018,0.022981204,0.032624826,0.022957237,0.0012569205,0.0010624046,0.00030184886,1.0792651e-05,4.486199e-05,4.0909936e-06,2.4799174e-05,1.1718306e-05,1.6588124e-06,5.99601e-06,4.9747883e-05,0.0010574833,0.001491546,0.017422998,0.022957237,0.037114836,0.020709319,0.003864274,0.00015117408,1.0174295e-05,1.4630613e-05,1.7803968e-05,5.967479e-06,1.0037334e-05,3.8732173e-06,2.1324058e-05,0.00016312604,0.0045245043,0.0051564025,0.010871588,0.0012569205,0.020709319,0.03667884,0.022184357,0.0008945526,0.00054657226,0.00020419984,1.5801523e-05,1.2954797e-05,9.120612e-06,1.6203932e-05,2.6272097e-05,0.00013794558,0.00064972683,0.0012071074,8.42436e-05,0.0010624046,0.003864274,0.022184357,0.03528434,0.022482276,0.0034337586,0.00025054842,7.2900235e-05,2.0311043e-05,2.7614713e-05,2.7031427e-05,0.0003363537,0.0003312331,0.0005887541,0.000113983966,5.329269e-05,0.00030184886,0.00015117408,0.0008945526,0.022482276,0.030917838,0.023112055,0.004050041,0.0001777948,0.00034374325,0.00010405069,0.00017976193,0.0009647348,0.0021178334,0.000104667706,2.6981057e-05,1.8221881e-05,1.0792651e-05,1.0174295e-05,0.00054657226,0.0034337586,0.023112055,0.037200425,0.022495458,0.01114755,0.0009139182,0.0025670307,0.0011228705,0.0008703431,9.866111e-05,0.00033369055,8.320186e-06,1.5838345e-05,4.486199e-05,1.4630613e-05,0.00020419984,0.00025054842,0.004050041,0.022495458,0.033066947,0.02139778,0.01037166,0.0027711128,0.0034851178,0.00024966942,0.00012692592,3.383112e-05,2.9813561e-06,5.4122356e-06,4.0909936e-06,1.7803968e-05,1.5801523e-05,7.2900235e-05,0.0001777948,0.01114755,0.02139778,0.035197042,0.02233729,0.008263827,0.0024084074,0.0002579135,0.00021807101,8.300995e-05,1.3385034e-05,3.8462735e-05,2.4799174e-05,5.967479e-06,1.2954797e-05,2.0311043e-05,0.00034374325,0.0009139182,0.01037166,0.02233729,0.033427432
PROB_MATRIX1=0.038086575,0.024337392,0.007338099,0.0046886345,3.5640103e-05,1.6810487e-05,9.051522e-06,2.0455003e-05,4.8863267e-06,1.161034e-05,5.417388e-06,4.421038e-05,0.00021116872,0.0020645782,0.0039337836,0.008483135,0.024337392,0.03719121,0.024047727,0.0019186379,0.00020098097,1.2920395e-05,5.433458e-06,5.360049e-06,3.315107e-06,2.0538262e-05,3.4091507e-05,7.221382e-05,0.00028525328,0.0013530216,0.005011306,0.004206762,0.007338099,0.024047727,0.033344068,0.022982124,0.002785162,0.00017913136,1.31901825e-05,4.5294302e-05,1.4681484e-05,2.3476312e-05,6.083886e-05,0.00022183884,0.0014508149,0.0016995841,0.0007231582,0.00056435773,0.0046886345,0.0019186379,0.022982124,0.041198768,0.021875154,0.0022169056,8.17066e-05,5.9569153e-05,8.826347e-05,0.0009064467,0.0003192103,0.00042451228,0.00087237963,0.00038289372,0.00023353688,0.00048629736,3.5640103e-05,0.00020098097,0.002785162,0.021875154,0.03186528,0.021713432,0.010872357,0.010547735,0.0064511714,0.0037100657,0.0010072707,0.0021276292,0.00024131445,0.001339036,9.5110925e-05,0.00020017388,1.6810487e-05,1.2920395e-05,0.00017913136,0.0022169056,0.021713432,0.03275111,0.022695884,0.022992484,0.004782678,0.009660577,0.0018971167,0.0002728906,4.22432e-05,4.1185915e-05,2.226173e-06,2.9059416e-05,9.051522e-06,5.433458e-06,1.31901825e-05,8.17066e-05,0.010872357,0.022695884,0.032137398,0.022938807,0.01793831,0.017531171,0.00044462783,0.00013950063,6.9098896e-05,4.8106867e-05,1.2828552e-05,5.4872522e-05,2.0455003e-05,5.360049e-06,4.5294302e-05,5.9569153e-05,0.010547735,0.022992484,0.022938807,0.032624826,0.021936253,0.004206793,0.0023253893,0.0016582704,1.2001449e-05,0.00028940733,4.0036707e-06,1.8363882e-05,4.8863267e-06,3.315107e-06,1.4681484e-05,8.826347e-05,0.0064511714,0.004782678,0.01793831,0.021936253,0.037114836,0.020337552,0.0035524296,0.00064087415,1.15819585e-05,1.0033865e-05,1.26647465e-05,2.9087776e-06,1.161034e-05,2.0538262e-05,2.3476312e-05,0.0009064467,0.0037100657,0.009660577,0.017531171,0.004206793,0.020337552,0.036641274,0.018255062,0.0012136989,0.0019511478,8.480249e-05,0.00015396521,1.952835e-05,5.417388e-06,3.4091507e-05,6.083886e-05,0.0003192103,0.0010072707,0.0018971167,0.00044462783,0.0023253893,0.0035524296,0.018255062,0.03528434,0.023103505,0.00097562536,0.0001279241,4.8109614e-05,1.2932101e-05,4.421038e-05,7.221382e-05,0.00022183884,0.00042451228,0.0021276292,0.0002728906,0.00013950063,0.0016582704,0.00064087415,0.0012136989,0.023103505,0.030917838,0.02324357,0.002146791,0.00075710553,0.0003580177,0.00021116872,0.00028525328,0.0014508149,0.00087237963,0.00024131445,4.22432e-05,6.9098896e-05,1.2001449e-05,1.15819585e-05,0.0019511478,0.00097562536,0.02324357,0.03720021,0.022469772,0.0027474426,0.0012696615,0.0020645782,0.0013530216,0.0016995841,0.00038289372,0.001339036,4.1185915e-05,4.8106867e-05,0.00028940733,1.0033865e-05,8.480249e-05,0.0001279241,0.002146791,0.022469772,0.033066947,0.021400433,0.0075154933,0.0039337836,0.005011306,0.0007231582,0.00023353688,9.5110925e-05,2.226173e-06,1.2828552e-05,4.0036707e-06,1.26647465e-05,0.00015396521,4.8109614e-05,0.00075710553,0.0027474426,0.021400433,0.035196662,0.022153655,0.008483135,0.004206762,0.00056435773,0.00048629736,0.00020017388,2.9059416e-05,5.4872522e-05,1.8363882e-05,2.9087776e-06,1.952835e-05,1.2932101e-05,0.0003580177,0.0012696615,0.0075154933,0.022153655,0.033427317
PROB_MATRIX2=0.038086575,0.024361148,0.014098936,0.008635177,0.00019451942,6.121625e-05,1.8068115e-05,2.314314e-05,7.933368e-06,1.915757e-05,2.0746224e-05,7.675759e-05,0.0005672451,0.0023082716,0.005852904,0.011032461,0.024361148,0.036925185,0.024794763,0.0055212067,0.0009136328,4.8158672e-05,1.5474205e-05,1.0287742e-05,1.0926775e-05,2.6214342e-05,0.0001231429,0.00024926153,0.0007238631,0.0020668143,0.00855759,0.0075587514,0.014098936,0.024794763,0.019428892,0.023005744,0.005149494,0.00064227456,5.843786e-05,6.2157524e-05,2.9720228e-05,3.7617086e-05,0.00014353477,0.0004480628,0.0015290632,0.002373586,0.0007127608,0.00084693305,0.008635177,0.0055212067,0.023005744,0.012734532,0.021936806,0.00434844,0.00033727256,0.00021092751,0.0004057339,0.0020332208,0.0005478508,0.00090286427,0.003347807,0.00059951877,0.00028783726,0.0011696098,0.00019451942,0.0009136328,0.005149494,0.021936806,0.03185365,0.021774739,0.016656457,0.0115307495,0.008087414,0.0059467754,0.0025615348,0.0041579553,0.0006235187,0.0014456629,0.00035050864,0.0004638276,6.121625e-05,4.8158672e-05,0.00064227456,0.00434844,0.021774739,0.03270398,0.022704246,0.02457237,0.0029752934,0.014166076,0.0039777174,0.00063197943,5.472872e-05,0.00011959724,6.355352e-06,6.3383464e-05,1.8068115e-05,1.5474205e-05,5.843786e-05,0.00033727256,0.016656457,0.022704246,0.031555966,0.022978537,0.022398692,0.0177595,0.0015258498,0.0002218576,0.00023920332,6.780744e-05,3.7868373e-05,7.704299e-05,2.314314e-05,1.0287742e-05,6.2157524e-05,0.00021092751,0.0115307495,0.02457237,0.022978537,0.032624826,0.022701383,0.0045926953,0.0033539135,0.0028907093,4.4877535e-05,0.0004975564,1.0287994e-05,2.2870476e-05,7.933368e-06,1.0926775e-05,2.9720228e-05,0.0004057339,0.008087414,0.0029752934,0.022398692,0.022701383,0.037093244,0.022539765,0.0071303635,0.0009782745,3.4614288e-05,3.8871425e-05,3.721181e-05,3.2740816e-06,1.915757e-05,2.6214342e-05,3.7617086e-05,0.0020332208,0.0059467754,0.014166076,0.0177595,0.0045926953,0.022539765,0.0028239256,0.021842454,0.0026469042,0.003444249,0.000109181696,0.00030029006,2.2319851e-05,2.0746224e-05,0.0001231429,0.00014353477,0.0005478508,0.0025615348,0.0039777174,0.0015258498,0.0033539135,0.0071303635,0.021842454,0.03419566,0.024299197,0.0011836995,0.00044639458,0.0001531445,3.6377696e-05,7.675759e-05,0.00024926153,0.0004480628,0.00090286427,0.0041579553,0.00063197943,0.0002218576,0.0028907093,0.0009782745,0.0026469042,0.024299197,0.030890448,0.023291858,0.0049457657,0.0020275847,0.001213866,0.0005672451,0.0007238631,0.0015290632,0.003347807,0.0006235187,5.472872e-05,0.00023920332,4.4877535e-05,3.4614288e-05,0.003444249,0.0011836995,0.023291858,0.017158985,0.022521103,0.00692682,0.005083877,0.0023082716,0.0020668143,0.002373586,0.00059951877,0.0014456629,0.00011959724,6.780744e-05,0.0004975564,3.8871425e-05,0.000109181696,0.00044639458,0.0049457657,0.022521103,0.03306673,0.021410145,0.009219453,0.005852904,0.00855759,0.0007127608,0.00028783726,0.00035050864,6.355352e-06,3.7868373e-05,1.0287994e-05,3.721181e-05,0.00030029006,0.0001531445,0.0020275847,0.00692682,0.021410145,0.032514524,0.022371817,0.011032461,0.0075587514,0.00084693305,0.0011696098,0.0004638276,6.3383464e-05,7.704299e-05,2.2870476e-05,3.2740816e-06,2.2319851e-05,3.6377696e-05,0.001213866,0.005083877,0.009219453,0.022371817,0.033418134
PROB_MATRIX3=0.038086575,0.024368074,0.022745911,0.018903565,0.001854345,0.00016715581,6.471905e-05,2.9829453e-05,9.281669e-06,5.1221527e-05,3.873488e-05,0.00024593578,0.001596572,0.0060837776,0.016069215,0.01846917,0.024368074,0.03719123,0.024989992,0.01488353,0.0039632744,0.00028979173,6.4166794e-05,3.0784424e-05,1.0806092e-05,4.6610166e-05,0.00014700697,0.00047826144,0.0025052656,0.0051038465,0.022696061,0.0162352,0.022745911,0.024989992,0.033344068,0.023072371,0.011352034,0.0016572329,0.00033587302,0.00010283978,7.610881e-05,0.00014215555,0.00036944362,0.002903161,0.0042031873,0.00982288,0.0026414674,0.0039605536,0.018903565,0.01488353,0.023072371,0.041198924,0.0219887,0.012232504,0.002937352,0.00080718356,0.0008622301,0.0019722432,0.0019634143,0.0027564613,0.017050399,0.002142503,0.001418369,0.004388817,0.001854345,0.0039632744,0.011352034,0.0219887,0.03186528,0.021787062,0.018566776,0.017504219,0.012829937,0.010456655,0.0072139963,0.009622368,0.001721132,0.0040987968,0.0006783288,0.0007178573,0.00016715581,0.00028979173,0.0016572329,0.012232504,0.021787062,0.03275111,0.02270486,0.03093745,0.015917296,0.020934235,0.020698415,0.0038936504,0.000445975,0.00035198792,5.3076346e-05,0.000121155324,6.471905e-05,6.4166794e-05,0.00033587302,0.002937352,0.018566776,0.02270486,0.032137398,0.023000726,0.027310774,0.0208434,0.003933218,0.0011398087,0.0004685911,0.00016836116,8.174472e-05,7.272417e-05,2.9829453e-05,3.0784424e-05,0.00010283978,0.00080718356,0.017504219,0.03093745,0.023000726,0.032624826,0.023854766,0.016871922,0.013194835,0.005193056,0.00020284961,0.0005570775,2.8359205e-05,2.3249479e-05,9.281669e-06,1.0806092e-05,7.610881e-05,0.0008622301,0.012829937,0.015917296,0.027310774,0.023854766,0.037114836,0.022988785,0.025784874,0.0047711567,0.00047578957,0.00013492593,0.00013822498,6.9530843e-06,5.1221527e-05,4.6610166e-05,0.00014215555,0.0019722432,0.010456655,0.020934235,0.0208434,0.016871922,0.022988785,0.03667864,0.02253303,0.011052824,0.005297819,0.00046159604,0.0005447374,4.635188e-05,3.873488e-05,0.00014700697,0.00036944362,0.0019634143,0.0072139963,0.020698415,0.003933218,0.013194835,0.025784874,0.02253303,0.03528434,0.02544431,0.0033633213,0.0033334729,0.0006455676,8.618821e-05,0.00024593578,0.00047826144,0.002903161,0.0027564613,0.009622368,0.0038936504,0.0011398087,0.005193056,0.0047711567,0.011052824,0.02544431,0.030917838,0.023322389,0.012394224,0.00527746,0.0044083265,0.001596572,0.0025052656,0.0042031873,0.017050399,0.001721132,0.000445975,0.0004685911,0.00020284961,0.00047578957,0.005297819,0.0033633213,0.023322389,0.037199114,0.022529732,0.0140515985,0.014557787,0.0060837776,0.0051038465,0.00982288,0.002142503,0.0040987968,0.00035198792,0.00016836116,0.0005570775,0.00013492593,0.00046159604,0.0033334729,0.012394224,0.022529732,0.033066947,0.021413611,0.018035548,0.016069215,0.022696061,0.0026414674,0.001418369,0.0006783288,5.3076346e-05,8.174472e-05,2.8359205e-05,0.00013822498,0.0005447374,0.0006455676,0.00527746,0.0140515985,0.021413611,0.035197016,0.022439392,0.01846917,0.0162352,0.0039605536,0.004388817,0.0007178573,0.000121155324,7.272417e-05,2.3249479e-05,6.9530843e-06,4.635188e-05,8.618821e-05,0.0044083265,0.014557787,0.018035548,0.022439392,0.033427432
PROB_MATRIX4=0.038086575,0.024370423,0.027888296,0.024613256,0.0069167744,0.00063402974,0.00015307838,8.742248e-05,3.0397256e-05,0.0001302644,0.0001768446,0.00078378926,0.0054948465,0.013039744,0.024255205,0.024171725,0.024370423,0.037191227,0.02500388,0.022541547,0.008813183,0.00093695946,0.00017608651,8.687891e-05,4.4755703e-05,6.235033e-05,0.00021506811,0.0014321933,0.0065059853,0.010435558,0.03147966,0.018818662,0.027888296,0.02500388,0.033344064,0.023078486,0.017058471,0.004703295,0.001086559,0.00022046937,0.00021701571,0.00034570083,0.0011573207,0.013379748,0.00880872,0.028541489,0.0071256044,0.008198087,0.024613256,0.022541547,0.023078486,0.04119842,0.021984814,0.017894672,0.012304576,0.0025450664,0.001598175,0.0027638406,0.0047085425,0.0070880153,0.029928835,0.0047974596,0.0058590514,0.0058921766,0.0069167744,0.008813183,0.017058471,0.021984814,0.03186528,0.021788508,0.022434128,0.021426402,0.018194813,0.015482392,0.0136793945,0.025647316,0.005994049,0.009944727,0.0009832676,0.0010586865,0.00063402974,0.00093695946,0.004703295,0.017894672,0.021788508,0.03275111,0.022704925,0.032081574,0.028426135,0.02317153,0.033673417,0.010467578,0.0032631618,0.00070184754,0.00022081504,0.00029089654,0.00015307838,0.00017608651,0.001086559,0.012304576,0.022434128,0.022704925,0.032137398,0.02300272,0.030302182,0.023199836,0.009183207,0.004625971,0.0007051635,0.00037454264,0.00014400337,0.000101197045,8.742248e-05,8.687891e-05,0.00022046937,0.0025450664,0.021426402,0.032081574,0.02300272,0.032624826,0.023897022,0.027348876,0.021023134,0.007803724,0.0008707147,0.0010090821,0.0001225111,3.7311227e-05,3.0397256e-05,4.4755703e-05,0.00021701571,0.001598175,0.018194813,0.028426135,0.030302182,0.023897022,0.037114836,0.023010243,0.033425137,0.015620776,0.0032108624,0.00035019006,0.00034034683,1.7885126e-05,0.0001302644,6.235033e-05,0.00034570083,0.0027638406,0.015482392,0.02317153,0.023199836,0.027348876,0.023010243,0.036678817,0.022615602,0.021012159,0.007830025,0.0006870025,0.0009172043,9.92367e-05,0.0001768446,0.00021506811,0.0011573207,0.0047085425,0.0136793945,0.033673417,0.009183207,0.021023134,0.033425137,0.022615602,0.035284337,0.025491608,0.012653557,0.014216044,0.0021121344,0.00020491812,0.00078378926,0.0014321933,0.013379748,0.0070880153,0.025647316,0.010467578,0.004625971,0.007803724,0.015620776,0.021012159,0.025491608,0.030917838,0.023326522,0.021268127,0.01508243,0.006801083,0.0054948465,0.0065059853,0.00880872,0.029928835,0.005994049,0.0032631618,0.0007051635,0.0008707147,0.0032108624,0.007830025,0.012653557,0.023326522,0.037187275,0.022531519,0.022373125,0.022429405,0.013039744,0.010435558,0.028541489,0.0047974596,0.009944727,0.00070184754,0.00037454264,0.0010090821,0.00035019006,0.0006870025,0.014216044,0.021268127,0.022531519,0.033066947,0.021414356,0.023795336,0.024255205,0.03147966,0.0071256044,0.0058590514,0.0009832676,0.00022081504,0.00014400337,0.0001225111,0.00034034683,0.0009172043,0.0021121344,0.01508243,0.022373125,0.021414356,0.035196923,0.022449024,0.024171725,0.018818662,0.008198087,0.0058921766,0.0010586865,0.00029089654,0.000101197045,3.7311227e-05,1.7885126e-05,9.92367e-05,0.00020491812,0.006801083,0.022429405,0.023795336,0.022449024,0.03342743
PROB_MATRIX5=0.038086563,0.024372015,0.030430432,0.02545958,0.013178813,0.004675586,0.00020912969,0.00040740008,6.541865e-05,0.00020909228,0.0014847968,0.0035366935,0.013155912,0.017301682,0.026545096,0.026538454,0.024372015,0.032146133,0.02499722,0.026894337,0.016220154,0.0023502952,0.00089828897,0.00023497787,0.00030897642,0.00025607945,0.0011033659,0.0047962554,0.010935732,0.014704316,0.033498403,0.02088834,0.030430432,0.02499722,0.030944197,0.023074303,0.02273615,0.013169753,0.0024401823,0.0012834114,0.000704432,0.00089063385,0.0039861137,0.022087116,0.013966665,0.033139344,0.013524284,0.0109597705,0.02545958,0.026894337,0.023074303,5.1789775e-05,0.021906026,0.02259356,0.017506314,0.008978962,0.005478748,0.012400062,0.008536013,0.008910274,0.03413232,0.00995026,0.009742653,0.012641055,0.013178813,0.016220154,0.02273615,0.021906026,0.030933287,0.021787234,0.024615662,0.020864645,0.01891775,0.01969499,0.015326626,0.032108106,0.013243407,0.010774972,0.0058548655,0.003681788,0.004675586,0.0023502952,0.013169753,0.02259356,0.021787234,0.016885735,0.02270483,0.03224865,0.030054335,0.023449354,0.036271118,0.017250773,0.008241018,0.0067167017,0.0007673477,0.0017684775,0.00020912969,0.00089828897,0.0024401823,0.017506314,0.024615662,0.02270483,0.030132737,0.023001451,0.0306553,0.023534866,0.013867543,0.01067927,0.0052126446,0.0017550277,0.00078046654,0.0003492387,0.00040740008,0.00023497787,0.0012834114,0.008978962,0.020864645,0.03224865,0.023001451,0.032624815,0.023884637,0.029146427,0.022286313,0.019058846,0.0035457036,0.0097679235,0.00029370445,0.00012339572,6.541865e-05,0.00030897642,0.000704432,0.005478748,0.01891775,0.030054335,0.0306553,0.023884637,0.032926403,0.022990152,0.034062203,0.019364575,0.0067068245,0.0011691541,0.0008692782,2.9473698e-05,0.00020909228,0.00025607945,0.00089063385,0.012400062,0.01969499,0.023449354,0.023534866,0.029146427,0.022990152,0.025305375,0.022566585,0.025084382,0.018408084,0.00066898216,0.0070005544,0.00021568165,0.0014847968,0.0011033659,0.0039861137,0.008536013,0.015326626,0.036271118,0.013867543,0.022286313,0.034062203,0.022566585,0.020520803,0.025486058,0.023813054,0.020146854,0.0067298957,0.0010503633,0.0035366935,0.0047962554,0.022087116,0.008910274,0.032108106,0.017250773,0.01067927,0.019058846,0.019364575,0.025084382,0.025486058,0.03091782,0.023324186,0.026731068,0.020735167,0.010248663,0.013155912,0.010935732,0.013966665,0.03413232,0.013243407,0.008241018,0.0052126446,0.0035457036,0.0067068245,0.018408084,0.023813054,0.023324186,1.4728981e-05,0.022529602,0.02603901,0.024010945,0.017301682,0.014704316,0.033139344,0.00995026,0.010774972,0.0067167017,0.0017550277,0.0097679235,0.0011691541,0.00066898216,0.020146854,0.026731068,0.022529602,0.03305653,0.021413974,0.02585091,0.026545096,0.033498403,0.013524284,0.009742653,0.0058548655,0.0007673477,0.00078046654,0.00029370445,0.0008692782,0.0070005544,0.0067298957,0.020735167,0.02603901,0.021413974,0.0012097252,0.022448245,0.026538454,0.02088834,0.0109597705,0.012641055,0.003681788,0.0017684775,0.0003492387,0.00012339572,2.9473698e-05,0.00021568165,0.0010503633,0.010248663,0.024010945,0.02585091,0.022448245,0.033425875
PROB_MATRIX6=0.038086575,0.024372337,0.031133277,0.025694853,0.019229082,0.008826555,0.00026643835,0.00047478089,7.856951e-05,0.00024114849,0.0023029204,0.0074822404,0.016185483,0.02316136,0.027680757,0.027263174,0.024372337,0.03719123,0.025006551,0.029118836,0.019553307,0.00492048,0.0022181286,0.00043496105,0.0004183404,0.0007336097,0.0026795608,0.008082231,0.014908681,0.01855814,0.034189057,0.021702876,0.031133277,0.025006551,0.033344068,0.02307951,0.026172968,0.015150661,0.006449601,0.003946715,0.0016656801,0.0025814504,0.006726461,0.027530337,0.017805507,0.03411887,0.017348884,0.013105214,0.025694853,0.029118836,0.02307951,0.041198973,0.02199781,0.026243066,0.021064764,0.01407114,0.006134912,0.015973967,0.013663494,0.011385793,0.03570732,0.013120624,0.017072203,0.014998083,0.019229082,0.019553307,0.026172968,0.02199781,0.03186528,0.021787964,0.025084876,0.02249291,0.019776285,0.02072042,0.016162243,0.033625394,0.016119514,0.012265638,0.0089649595,0.006602143,0.008826555,0.00492048,0.015150661,0.026243066,0.021787964,0.03275111,0.022704728,0.032386515,0.030443931,0.024166156,0.03688183,0.018647196,0.016018042,0.0083200615,0.0017156941,0.0030743144,0.00026643835,0.0022181286,0.006449601,0.021064764,0.025084876,0.022704728,0.032137398,0.023002809,0.031086318,0.023660451,0.012932253,0.012610727,0.0075081214,0.0040574707,0.0012946797,0.00035260277,0.00047478089,0.00043496105,0.003946715,0.01407114,0.02249291,0.032386515,0.023002809,0.032624826,0.023920089,0.031372022,0.024043288,0.02091321,0.0061980276,0.014123288,0.0002760508,0.00017498904,7.856951e-05,0.0004183404,0.0016656801,0.006134912,0.019776285,0.030443931,0.031086318,0.023920089,0.037114836,0.02301127,0.034173336,0.021284312,0.009830966,0.0019603847,0.00083475263,3.1286523e-05,0.00024114849,0.0007336097,0.0025814504,0.015973967,0.02072042,0.024166156,0.023660451,0.031372022,0.02301127,0.03667884,0.022612048,0.026011145,0.019702222,0.0032550155,0.009686735,0.00021419219,0.0023029204,0.0026795608,0.006726461,0.013663494,0.016162243,0.03688183,0.012932253,0.024043288,0.034173336,0.022612048,0.03528434,0.025492935,0.029404435,0.021975527,0.012716625,0.0021376424,0.0074822404,0.008082231,0.027530337,0.011385793,0.033625394,0.018647196,0.012610727,0.02091321,0.021284312,0.026011145,0.025492935,0.030917838,0.023326201,0.028931739,0.021732586,0.016137827,0.016185483,0.014908681,0.017805507,0.03570732,0.016119514,0.016018042,0.0075081214,0.0061980276,0.009830966,0.019702222,0.029404435,0.023326201,0.037200384,0.022532132,0.027599853,0.02428712,0.02316136,0.01855814,0.03411887,0.013120624,0.012265638,0.0083200615,0.0040574707,0.014123288,0.0019603847,0.0032550155,0.021975527,0.028931739,0.022532132,0.033066947,0.021414299,0.026812948,0.027680757,0.034189057,0.017348884,0.017072203,0.0089649595,0.0017156941,0.0012946797,0.0002760508,0.00083475263,0.009686735,0.012716625,0.021732586,0.027599853,0.021414299,0.03519704,0.022456717,0.027263174,0.021702876,0.013105214,0.014998083,0.006602143,0.0030743144,0.00035260277,0.00017498904,3.1286523e-05,0.00021419219,0.0021376424,0.016137827,0.02428712,0.026812948,0.022456717,0.033427432
PROB_MATRIX7=0.038086575,0.0243724,0.031410072,0.025798172,0.02097252,0.008150306,0.0006956245,0.001223163,0.00023081402,0.0006494849,0.0024301761,0.009406433,0.01622128,0.02519477,0.028334765,0.027576659,0.0243724,0.03719123,0.025011383,0.03003637,0.022400044,0.007831586,0.0016102548,0.0006017169,0.00035874484,0.0004972396,0.008365527,0.008632909,0.018085044,0.020396993,0.034480754,0.023049926,0.031410072,0.025011383,0.033344068,0.023083076,0.027505094,0.017650558,0.011743858,0.007135122,0.004992399,0.0052863415,0.009493389,0.02888717,0.020148946,0.034752145,0.021140583,0.015390897,0.025798172,0.03003637,0.023083076,0.04119898,0.022021847,0.028375357,0.02276344,0.016383838,0.008340181,0.016039282,0.018249929,0.013987434,0.036261354,0.017863903,0.02240049,0.015833803,0.02097252,0.022400044,0.027505094,0.022021847,0.03186528,0.02178863,0.02535427,0.022819817,0.01970599,0.020789532,0.017589012,0.03428624,0.01913856,0.013320764,0.0125588495,0.008295568,0.008150306,0.007831586,0.017650558,0.028375357,0.02178863,0.03275111,0.0227048,0.032413367,0.030560378,0.025392074,0.03713912,0.021380242,0.019907264,0.010714158,0.0033020615,0.0017873197,0.0006956245,0.0016102548,0.011743858,0.02276344,0.02535427,0.0227048,0.032137398,0.02300335,0.031125316,0.02372697,0.016174331,0.014690544,0.010488745,0.0063084234,0.0011373211,0.00089288363,0.001223163,0.0006017169,0.007135122,0.016383838,0.022819817,0.032413367,0.02300335,0.032624826,0.023929039,0.031461332,0.024568748,0.021146657,0.008166238,0.009900224,0.00016873253,0.00050676987,0.00023081402,0.00035874484,0.004992399,0.008340181,0.01970599,0.030560378,0.031125316,0.023929039,0.037114836,0.023015583,0.03419285,0.022093596,0.009061999,0.006873445,0.00073874614,8.023858e-05,0.0006494849,0.0004972396,0.0052863415,0.016039282,0.020789532,0.025392074,0.02372697,0.031461332,0.023015583,0.03667884,0.022617705,0.026481135,0.020620279,0.014362118,0.005292133,0.00045565795,0.0024301761,0.008365527,0.009493389,0.018249929,0.017589012,0.03713912,0.016174331,0.024568748,0.03419285,0.022617705,0.03528434,0.025496474,0.031383578,0.024090333,0.016257709,0.0015200317,0.009406433,0.008632909,0.02888717,0.013987434,0.03428624,0.021380242,0.014690544,0.021146657,0.022093596,0.026481135,0.025496474,0.030917838,0.023327662,0.029582951,0.022574369,0.019356383,0.01622128,0.018085044,0.020148946,0.036261354,0.01913856,0.019907264,0.010488745,0.008166238,0.009061999,0.020620279,0.031383578,0.023327662,0.037200425,0.02253408,0.028315522,0.024468597,0.02519477,0.020396993,0.034752145,0.017863903,0.013320764,0.010714158,0.0063084234,0.009900224,0.006873445,0.014362118,0.024090333,0.029582951,0.02253408,0.033066947,0.021414677,0.027103025,0.028334765,0.034480754,0.021140583,0.02240049,0.0125588495,0.0033020615,0.0011373211,0.00016873253,0.00073874614,0.005292133,0.016257709,0.022574369,0.028315522,0.021414677,0.035197042,0.022460122,0.027576659,0.023049926,0.015390897,0.015833803,0.008295568,0.0017873197,0.00089288363,0.00050676987,8.023858e-05,0.00045565795,0.0015200317,0.019356383,0.024468597,0.027103025,0.022460122,0.033427432
PROB_MATRIX8=0.038086575,0.024372403,0.031470884,0.025821857,0.02096365,0.006636704,0.0021752636,0.001893086,0.0006242722,0.0021915429,0.0022192814,0.00890062,0.01739063,0.027578948,0.028717237,0.027791893,0.024372403,0.03719123,0.02501178,0.030429501,0.022525713,0.008429973,0.0014452485,0.0010611559,0.00033602037,0.00084337906,0.008708308,0.010427433,0.019225327,0.02241515,0.034498956,0.024610791,0.031470884,0.02501178,0.033344068,0.023083685,0.027871171,0.018802658,0.01202202,0.007969985,0.0036868353,0.005708885,0.010195873,0.029630207,0.022706889,0.03524483,0.02506064,0.018161656,0.025821857,0.030429501,0.023083685,0.04119898,0.022023698,0.029254973,0.023019155,0.014384967,0.007896698,0.012398749,0.01897747,0.019691514,0.036354955,0.023976035,0.026945261,0.0155239375,0.02096365,0.022525713,0.027871171,0.022023698,0.03186528,0.02178898,0.02539833,0.022832172,0.020055434,0.02098208,0.020870881,0.034565426,0.022861693,0.015990378,0.010991951,0.007467752,0.006636704,0.008429973,0.018802658,0.029254973,0.02178898,0.03275111,0.02270495,0.03241981,0.030609118,0.025826415,0.0372003,0.024987271,0.024063183,0.0081200395,0.0031813,0.001308067,0.0021752636,0.0014452485,0.01202202,0.023019155,0.02539833,0.02270495,0.032137398,0.023003442,0.031220052,0.02373299,0.02190233,0.017538114,0.008615257,0.0072552348,0.0009860584,0.0016334895,0.001893086,0.0010611559,0.007969985,0.014384967,0.022832172,0.03241981,0.023003442,0.032624826,0.023929356,0.032092754,0.024893489,0.019368427,0.0059508504,0.0068895663,0.00015806357,0.00070105743,0.0006242722,0.00033602037,0.0036868353,0.007896698,0.020055434,0.030609118,0.031220052,0.023929356,0.037114836,0.02301652,0.034192394,0.023356386,0.009521206,0.009605939,0.0005651041,0.00022924604,0.0021915429,0.00084337906,0.005708885,0.012398749,0.02098208,0.025826415,0.02373299,0.032092754,0.02301652,0.03667884,0.02264331,0.026660355,0.019722225,0.0180526,0.004113241,0.0012251536,0.0022192814,0.008708308,0.010195873,0.01897747,0.020870881,0.0372003,0.02190233,0.024893489,0.034192394,0.02264331,0.03528434,0.025496967,0.031877246,0.024827352,0.013789819,0.0015549094,0.00890062,0.010427433,0.029630207,0.019691514,0.034565426,0.024987271,0.017538114,0.019368427,0.023356386,0.026660355,0.025496967,0.030917838,0.023327963,0.029700534,0.022767143,0.018970743,0.01739063,0.019225327,0.022706889,0.036354955,0.022861693,0.024063183,0.008615257,0.0059508504,0.009521206,0.019722225,0.031877246,0.023327963,0.037200425,0.022534328,0.028556127,0.024519827,0.027578948,0.02241515,0.03524483,0.023976035,0.015990378,0.0081200395,0.0072552348,0.0068895663,0.009605939,0.0180526,0.024827352,0.029700534,0.022534328,0.033066947,0.021414764,0.027151866,0.028717237,0.034498956,0.02506064,0.026945261,0.010991951,0.0031813,0.0009860584,0.00015806357,0.0005651041,0.004113241,0.013789819,0.022767143,0.028556127,0.021414764,0.035197042,0.022460556,0.027791893,0.024610791,0.018161656,0.0155239375,0.007467752,0.001308067,0.0016334895,0.00070105743,0.00022924604,0.0012251536,0.0015549094,0.018970743,0.024519827,0.027151866,0.022460556,0.033427432
PROB_MATRIX9=0.038086575,0.024372403,0.031496532,0.025822004,0.021627193,0.0047224383,0.0027827877,0.0029296773,0.00092960935,0.003276596,0.0023322527,0.010256873,0.01874715,0.02869207,0.028956532,0.02778843,0.024372403,0.03719123,0.02501179,0.030594815,0.022662751,0.0131387655,0.0010563575,0.0010510462,0.00031107548,0.0013049975,0.009179645,0.011502444,0.019853793,0.023679834,0.034349173,0.02465252,0.031496532,0.02501179,0.033344068,0.023083733,0.028084468,0.020242544,0.016524784,0.009059619,0.0039822,0.009099911,0.01107256,0.031210028,0.024409786,0.035496775,0.026306894,0.019188276,0.025822004,0.030594815,0.023083733,0.04119898,0.022023804,0.029625643,0.02318319,0.016822094,0.009958857,0.014826137,0.020312924,0.023306968,0.036387,0.025394218,0.029972188,0.01664388,0.021627193,0.022662751,0.028084468,0.022023804,0.03186528,0.02178901,0.025445662,0.02279334,0.020452775,0.020901129,0.02264265,0.034661394,0.02401011,0.016123893,0.012199832,0.0054523335,0.0047224383,0.0131387655,0.020242544,0.029625643,0.02178901,0.03275111,0.022704955,0.032421317,0.03061601,0.026051797,0.037212618,0.026618237,0.026561748,0.009981698,0.0042802454,0.0008376806,0.0027827877,0.0010563575,0.016524784,0.02318319,0.025445662,0.022704955,0.032137398,0.023003452,0.031232363,0.023737626,0.024699386,0.018692305,0.01031294,0.0063456176,0.00064681045,0.0017701731,0.0029296773,0.0010510462,0.009059619,0.016822094,0.02279334,0.032421317,0.023003452,0.032624826,0.023929363,0.0322325,0.024990719,0.020666389,0.0076399944,0.0038541104,0.00021882501,0.0007245085,0.00092960935,0.00031107548,0.0039822,0.009958857,0.020452775,0.03061601,0.031232363,0.023929363,0.037114836,0.023016565,0.034182675,0.023876645,0.010818184,0.012112197,0.0005924588,0.0003778723,0.003276596,0.0013049975,0.009099911,0.014826137,0.020901129,0.026051797,0.023737626,0.0322325,0.023016565,0.03667884,0.022645434,0.026756214,0.019702645,0.019062396,0.0025204571,0.002039609,0.0023322527,0.009179645,0.01107256,0.020312924,0.02264265,0.037212618,0.024699386,0.024990719,0.034182675,0.022645434,0.03528434,0.02549701,0.032418728,0.02509171,0.017287964,0.0013972379,0.010256873,0.011502444,0.031210028,0.023306968,0.034661394,0.026618237,0.018692305,0.020666389,0.023876645,0.026756214,0.02549701,0.030917838,0.023327982,0.029778438,0.022903318,0.02011047,0.01874715,0.019853793,0.024409786,0.036387,0.02401011,0.026561748,0.01031294,0.0076399944,0.010818184,0.019702645,0.032418728,0.023327982,0.037200425,0.022534339,0.028656634,0.024508018,0.02869207,0.023679834,0.035496775,0.025394218,0.016123893,0.009981698,0.0063456176,0.0038541104,0.012112197,0.019062396,0.02509171,0.029778438,0.022534339,0.033066947,0.02141477,0.02716197,0.028956532,0.034349173,0.026306894,0.029972188,0.012199832,0.0042802454,0.00064681045,0.00021882501,0.0005924588,0.0025204571,0.017287964,0.022903318,0.028656634,0.02141477,0.035197042,0.022460578,0.02778843,0.02465252,0.019188276,0.01664388,0.0054523335,0.0008376806,0.0017701731,0.0007245085,0.0003778723,0.002039609,0.0013972379,0.02011047,0.024508018,0.02716197,0.022460578,0.033427432
PROB_MATRIX10=0.038086575,0.024372263,0.03150527,0.025827302,0.021597207,0.005823779,0.002921966,0.003121775,0.0010669108,0.0034804437,0.0023551944,0.010675983,0.018715432,0.029519303,0.029367046,0.027884206,0.024372263,0.03719123,0.025011815,0.030652827,0.022775298,0.014960758,0.001395319,0.00084537687,0.00027034048,0.0009841579,0.0050260625,0.010618198,0.020077424,0.02454455,0.03410877,0.024474189,0.03150527,0.025011815,0.033344068,0.023083773,0.028165413,0.01881339,0.017641122,0.01212781,0.0022323707,0.009443079,0.009992474,0.032213315,0.025083562,0.035656516,0.026370812,0.020143282,0.025827302,0.030652827,0.023083773,0.04119898,0.022023894,0.029727273,0.023454407,0.019204134,0.010568718,0.017908335,0.020497387,0.02539651,0.036306717,0.02640771,0.031586293,0.017208315,0.021597207,0.022775298,0.028165413,0.022023894,0.03186528,0.021789022,0.025460742,0.023110548,0.02031216,0.021364665,0.023462344,0.03474374,0.024577832,0.017946994,0.011870777,0.0059549143,0.005823779,0.014960758,0.01881339,0.029727273,0.021789022,0.03275111,0.022704959,0.03242162,0.030612728,0.025976067,0.03717422,0.027522191,0.032077786,0.010654101,0.0051491405,0.00073249574,0.002921966,0.001395319,0.017641122,0.023454407,0.025460742,0.022704959,0.032137398,0.023003453,0.031241108,0.023746071,0.024864174,0.018105041,0.010686419,0.008414529,0.0003888845,0.0015617955,0.003121775,0.00084537687,0.01212781,0.019204134,0.023110548,0.03242162,0.023003453,0.032624826,0.023929358,0.032262694,0.025280977,0.021372925,0.009921248,0.0034636012,0.00034186707,0.0008100097,0.0010669108,0.00027034048,0.0022323707,0.010568718,0.02031216,0.030612728,0.031241108,0.023929358,0.037114836,0.023016635,0.034148145,0.02366131,0.012563019,0.008810717,0.00094162184,0.00038688007,0.0034804437,0.0009841579,0.009443079,0.017908335,0.021364665,0.025976067,0.023746071,0.032262694,0.023016635,0.03667884,0.022645531,0.026810817,0.019992538,0.018535577,0.0019496337,0.001984924,0.0023551944,0.0050260625,0.009992474,0.020497387,0.023462344,0.03717422,0.024864174,0.025280977,0.034148145,0.022645531,0.03528434,0.025497038,0.032581493,0.025246186,0.017987026,0.0021594672,0.010675983,0.010618198,0.032213315,0.02539651,0.03474374,0.027522191,0.018105041,0.021372925,0.02366131,0.026810817,0.025497038,0.030917838,0.023328012,0.02980337,0.02273607,0.020399855,0.018715432,0.020077424,0.025083562,0.036306717,0.024577832,0.032077786,0.010686419,0.009921248,0.012563019,0.019992538,0.032581493,0.023328012,0.037200425,0.022534344,0.028682867,0.024495292,0.029519303,0.02454455,0.035656516,0.02640771,0.017946994,0.010654101,0.008414529,0.0034636012,0.008810717,0.018535577,0.025246186,0.02980337,0.022534344,0.033066947,0.021414772,0.027168412,0.029367046,0.03410877,0.026370812,0.031586293,0.011870777,0.0051491405,0.0003888845,0.00034186707,0.00094162184,0.0019496337,0.017987026,0.02273607,0.028682867,0.021414772,0.035197042,0.022460585,0.027884206,0.024474189,0.020143282,0.017208315,0.0059549143,0.00073249574,0.0015617955,0.0008100097,0.00038688007,0.001984924,0.0021594672,0.020399855,0.024495292,0.027168412,0.022460585,0.033427432
